 1	 0
 2	 60.00
 3	 128.00
 4	 87.00
 5	 92.00
 6	 -18.00
 7	 38.00
 8	 119.00
 9	 279.00
 10	 217.00
 11	 298.00
 12	 265.00
 13	 370.00
 14	 400.00
 15	 425.00
 16	 458.00
 17	 396.00
 18	 521.00
 19	 505.00
 20	 464.00
 21	 463.00
 22	 486.00
 23	 514.00
 24	 709.00
 25	 784.00
 26	 869.00
 27	 916.00
 28	 892.00
 29	 943.00
 30	 960.00
 31	 915.00
 32	 958.00
 33	 1036.00
 34	 1062.00
 35	 1096.00
 36	 1089.00
 37	 1111.00
 38	 1059.00
 39	 1022.00
 40	 974.00
 41	 896.00
 42	 800.00
 43	 909.00
 44	 784.00
 45	 760.00
 46	 756.00
 47	 670.00
 48	 708.00
 49	 570.00
 50	 699.00
 51	 623.00
 52	 440.00
 53	 1104.00
 54	 1134.00


