1,2	 0.0
2,1	 120.0
2,3	 0.0
3,2	 136.0
3,4	 82.0
3,5	 72.0
3,11	 0.0
4,3	 0.0
5,3	 0.0
5,6	 220.0
5,8	 42.0
5,10	 0.0
6,5	 0.0
7,8	 0.0
8,5	 96.0
8,7	 162.0
8,9	 0.0
9,8	 320.0
9,14	 0.0
9,22	 -50.0
10,5	 250.0
10,9	 23.0
10,13	 0.0
11,3	 340.0
11,12	 66.0
11,15	 0.0
12,11	 0.0
13,10	 306.0
13,14	 0.0
14,9	 242.0
14,13	 60.0
14,20	 -24.0
14,21	 -14.0
15,11	 254.0
15,16	 0.0
15,20	 0.0
16,15	 66.0
16,17	 124.0
16,18	 0.0
16,20	 22.0
16,47	 0.0
17,16	 0.0
18,16	 126.0
18,19	 32.0
18,25	 0.0
19,18	 0.0
20,15	 78.0
20,16	 34.0
20,23	 -5.0
21,14	 112.0
21,22	 0.0
22,21	 46.0
22,51	 0.0
23,20	 95.0
23,46	 0.0
24,25	 0.0
25,18	 526.0
25,24	 150.0
25,26	 0.0
26,25	 170.0
26,27	 -17.0
27,26	 77.0
27,28	 48.0
27,29	 0.0
27,44	 288.0
28,27	 0.0
29,27	 54.0
29,30	 0.0
29,31	 56.0
29,32	 7.0
30,29	 34.0
31,29	 0.0
31,32	 0.0
32,29	 37.0
32,31	 66.0
32,33	 0.0
32,43	 115.0
33,32	 156.0
33,34	 0.0
34,33	 52.0
34,35	 0.0
34,36	 0.0
35,34	 68.0
36,34	 54.0
36,37	 0.0
36,38	 60.0
37,36	 44.0
37,54	 0.0
38,36	 0.0
38,39	 97.0
38,40	 170.0
39,38	 23.0
39,41	 252.0
39,53	 0.0
40,33	 0.0
40,38	 0.0
40,39	 6.0
40,41	 188.0
40,43	 130.0
41,39	 0.0
41,40	 32.0
41,42	 192.0
42,41	 0.0
42,43	 0.0
42,44	 74.0
42,45	 80.0
43,32	 17.0
43,40	 0.0
43,42	 218.0
43,44	 250.0
44,27	 24.0
44,42	 42.0
44,43	 0.0
44,46	 56.0
45,42	 0.0
45,48	 104.0
45,50	 122.0
46,23	 484.0
46,44	 0.0
46,47	 172.0
46,50	 140.0
47,16	 424.0
47,46	 0.0
48,45	 0.0
48,49	 242.0
48,50	 64.0
49,48	 -34.0
49,50	 -60.0
49,51	 0.0
49,52	 260.0
50,45	 0.0
50,46	 26.0
50,48	 46.0
50,51	 152.0
51,22	 274.0
51,46	 -20.0
51,49	 106.0
51,50	 0.0
52,49	 0.0
53,39	 164.0
54,37	 46.0


