Problem: _temp
Vmode: 33.
Network data file: /home/adnav613/TAOP61/lab_3/data/sweden-elnet.net
Problem: sweden-elnet
Coordinate file: /home/adnav613/TAOP61/lab_3/data/sweden-elnet.crd
Network file: /home/adnav613/TAOP61/lab_3/data/sweden-elnet.net
Solution file: /home/adnav613/TAOP61/lab_3/data/sweden-elnet.res
Name file: /home/adnav613/TAOP61/lab_3/data/sweden-elnet.nam
Comment file: /home/adnav613/TAOP61/lab_3/data/sweden-elnet.txt
Config file: /home/adnav613/TAOP61/lab_3/data/sweden-elnet.cfg
Nodes: 54 Links: 141
Nodes: 54
Nodes: 54
Nodes: 54 Links: 141
Costscale set to 1.0
Flow: 10 0 10 0 0 0 40 20 15 0 0 25 30 25 0 0 35 0 25 0 0 0 30 0 0 50 10 0 30 0 0 0 55 0 4 46 0 0 26 0 3 15 0 0 38 7 0 0 50 0 45 0 35 0 50 25 0 0 55 0 50 0 0 40 0 3 0 12 0 0 0 12 58 0 0 43 0 0 39 0 14 15 0 0 19 0 0 12 18 0 0 0 0 10 0 28 0 0 0 22 0 0 2 14 0 0 0 38 0 0 0 0 34 0 41 0 0 0 46 0 0 0 3 35 0 0 80 0 20 0 18 0 0 0 0 0 0 41 30 0 0
RedCost: 0.0 120.0 0.0 136.0 82.0 72.0 0.0 0.0 0.0 220.0 42.0 0.0 0.0 0.0 96.0 162.0 0.0 320.0 0.0 -50.0 250.0 23.0 0.0 340.0 66.0 0.0 0.0 306.0 0.0 242.0 60.0 -24.0 -14.0 254.0 0.0 0.0 66.0 124.0 0.0 22.0 0.0 0.0 126.0 32.0 0.0 0.0 78.0 34.0 -5.0 112.0 0.0 46.0 0.0 95.0 0.0 0.0 526.0 150.0 0.0 170.0 -17.0 77.0 48.0 0.0 288.0 0.0 54.0 0.0 56.0 7.0 34.0 0.0 0.0 37.0 66.0 0.0 115.0 156.0 0.0 52.0 0.0 0.0 68.0 54.0 0.0 60.0 44.0 0.0 0.0 97.0 170.0 23.0 252.0 0.0 0.0 0.0 6.0 188.0 130.0 0.0 32.0 192.0 0.0 0.0 74.0 80.0 17.0 0.0 218.0 250.0 24.0 42.0 0.0 56.0 0.0 104.0 122.0 484.0 0.0 172.0 140.0 424.0 0.0 0.0 242.0 64.0 -34.0 -60.0 0.0 260.0 0.0 26.0 46.0 152.0 274.0 -20.0 106.0 0.0 0.0 164.0 46.0
Solved min cost flow problem
Total cost: 132425.0
Graph not Eularian nor path
Costscale set to 1.0
Flow: 10.0 0.0 10.0 0.0 0.0 0.0 25.0 20.0 0.0 0.0 0.0 40.0 30.0 25.0 0.0 0.0 35.0 0.0 0.0 25.0 0.0 0.0 45.0 0.0 0.0 35.0 10.0 0.0 45.0 0.0 0.0 0.0 45.0 0.0 1.0 34.0 0.0 0.0 26.0 0.0 0.0 15.0 0.0 0.0 38.0 7.0 0.0 0.0 38.0 0.0 35.0 0.0 50.0 0.0 38.0 25.0 0.0 0.0 55.0 0.0 50.0 0.0 0.0 40.0 0.0 3.0 0.0 12.0 0.0 0.0 0.0 12.0 58.0 0.0 0.0 43.0 0.0 0.0 39.0 0.0 14.0 15.0 0.0 0.0 19.0 0.0 0.0 12.0 18.0 0.0 0.0 0.0 0.0 10.0 0.0 28.0 0.0 0.0 0.0 22.0 0.0 0.0 2.0 10.0 0.0 0.0 0.0 38.0 0.0 0.0 0.0 0.0 38.0 0.0 37.0 0.0 0.0 0.0 50.0 0.0 0.0 0.0 0.0 5.0 0.0 0.0 50.0 50.0 0.0 0.0 44.0 0.0 0.0 0.0 0.0 19.0 0.0 17.0 30.0 0.0 0.0
RedCost: 0.0 120.0 0.0 136.0 82.0 43.0 0.0 0.0 29.0 220.0 6.0 0.0 0.0 0.0 132.0 162.0 0.0 320.0 36.0 0.0 250.0 -13.0 0.0 340.0 66.0 0.0 0.0 306.0 0.0 206.0 60.0 5.0 0.0 254.0 0.0 0.0 66.0 124.0 0.0 22.0 0.0 0.0 126.0 32.0 0.0 0.0 78.0 34.0 0.0 98.0 0.0 46.0 0.0 90.0 0.0 0.0 526.0 150.0 0.0 170.0 -32.0 92.0 48.0 0.0 288.0 0.0 54.0 0.0 56.0 7.0 34.0 0.0 0.0 37.0 66.0 0.0 115.0 156.0 0.0 52.0 0.0 0.0 68.0 54.0 0.0 60.0 44.0 0.0 0.0 97.0 170.0 23.0 252.0 0.0 0.0 0.0 6.0 188.0 130.0 0.0 32.0 192.0 0.0 0.0 74.0 80.0 17.0 0.0 218.0 250.0 24.0 42.0 0.0 76.0 0.0 104.0 122.0 484.0 -20.0 167.0 120.0 424.0 5.0 0.0 208.0 64.0 0.0 -26.0 34.0 260.0 0.0 46.0 46.0 152.0 274.0 0.0 72.0 0.0 0.0 164.0 46.0
Solved min cost flow problem
Total cost: 129015.0
Network data file: /home/adnav613/TAOP61/lab_3/data/sweden-elnet.net
Problem: sweden-elnet
Coordinate file: /home/adnav613/TAOP61/lab_3/data/sweden-elnet.crd
Network file: /home/adnav613/TAOP61/lab_3/data/sweden-elnet.net
Solution file: /home/adnav613/TAOP61/lab_3/data/sweden-elnet.res
Name file: /home/adnav613/TAOP61/lab_3/data/sweden-elnet.nam
Comment file: /home/adnav613/TAOP61/lab_3/data/sweden-elnet.txt
Config file: /home/adnav613/TAOP61/lab_3/data/sweden-elnet.cfg
Nodes: 54 Links: 141
Nodes: 54
Nodes: 54
Nodes: 54 Links: 141
Costscale set to 1.0
Flow: 10 0 10 0 0 0 40 20 15 0 0 25 30 25 0 0 35 0 25 0 0 0 30 0 0 50 10 0 30 0 0 0 55 0 4 46 0 0 26 0 3 15 0 0 38 7 0 0 50 0 45 0 35 0 50 25 0 0 55 0 50 0 0 40 0 3 0 12 0 0 0 12 58 0 0 43 0 0 39 0 14 15 0 0 19 0 0 12 18 0 0 0 0 10 0 28 0 0 0 22 0 0 2 14 0 0 0 38 0 0 0 0 34 0 41 0 0 0 46 0 0 0 3 35 0 0 80 0 20 0 18 0 0 0 0 0 0 41 30 0 0
RedCost: 0.0 120.0 0.0 136.0 82.0 72.0 0.0 0.0 0.0 220.0 42.0 0.0 0.0 0.0 96.0 162.0 0.0 320.0 0.0 -50.0 250.0 23.0 0.0 340.0 66.0 0.0 0.0 306.0 0.0 242.0 60.0 -24.0 -14.0 254.0 0.0 0.0 66.0 124.0 0.0 22.0 0.0 0.0 126.0 32.0 0.0 0.0 78.0 34.0 -5.0 112.0 0.0 46.0 0.0 95.0 0.0 0.0 526.0 150.0 0.0 170.0 -17.0 77.0 48.0 0.0 288.0 0.0 54.0 0.0 56.0 7.0 34.0 0.0 0.0 37.0 66.0 0.0 115.0 156.0 0.0 52.0 0.0 0.0 68.0 54.0 0.0 60.0 44.0 0.0 0.0 97.0 170.0 23.0 252.0 0.0 0.0 0.0 6.0 188.0 130.0 0.0 32.0 192.0 0.0 0.0 74.0 80.0 17.0 0.0 218.0 250.0 24.0 42.0 0.0 56.0 0.0 104.0 122.0 484.0 0.0 172.0 140.0 424.0 0.0 0.0 242.0 64.0 -34.0 -60.0 0.0 260.0 0.0 26.0 46.0 152.0 274.0 -20.0 106.0 0.0 0.0 164.0 46.0
Solved min cost flow problem
Total cost: 132425.0
Costscale set to 1.0
Flow: 10.0 0.0 10.0 0.0 0.0 0.0 25.0 20.0 0.0 0.0 0.0 40.0 30.0 25.0 0.0 0.0 35.0 0.0 0.0 25.0 0.0 0.0 45.0 0.0 0.0 35.0 10.0 0.0 45.0 0.0 0.0 0.0 45.0 0.0 1.0 34.0 0.0 0.0 26.0 0.0 0.0 15.0 0.0 0.0 38.0 7.0 0.0 0.0 38.0 0.0 35.0 0.0 50.0 0.0 38.0 25.0 0.0 0.0 55.0 0.0 50.0 0.0 0.0 40.0 0.0 3.0 0.0 12.0 0.0 0.0 0.0 12.0 58.0 0.0 0.0 43.0 0.0 0.0 39.0 0.0 14.0 15.0 0.0 0.0 19.0 0.0 0.0 12.0 18.0 0.0 0.0 0.0 0.0 10.0 0.0 28.0 0.0 0.0 0.0 22.0 0.0 0.0 2.0 10.0 0.0 0.0 0.0 38.0 0.0 0.0 0.0 0.0 38.0 0.0 37.0 0.0 0.0 0.0 50.0 0.0 0.0 0.0 0.0 5.0 0.0 0.0 50.0 50.0 0.0 0.0 44.0 0.0 0.0 0.0 0.0 19.0 0.0 17.0 30.0 0.0 0.0
RedCost: 0.0 120.0 0.0 136.0 82.0 43.0 0.0 0.0 29.0 220.0 6.0 0.0 0.0 0.0 132.0 162.0 0.0 320.0 36.0 0.0 250.0 -13.0 0.0 340.0 66.0 0.0 0.0 306.0 0.0 206.0 60.0 5.0 0.0 254.0 0.0 0.0 66.0 124.0 0.0 22.0 0.0 0.0 126.0 32.0 0.0 0.0 78.0 34.0 0.0 98.0 0.0 46.0 0.0 90.0 0.0 0.0 526.0 150.0 0.0 170.0 -32.0 92.0 48.0 0.0 288.0 0.0 54.0 0.0 56.0 7.0 34.0 0.0 0.0 37.0 66.0 0.0 115.0 156.0 0.0 52.0 0.0 0.0 68.0 54.0 0.0 60.0 44.0 0.0 0.0 97.0 170.0 23.0 252.0 0.0 0.0 0.0 6.0 188.0 130.0 0.0 32.0 192.0 0.0 0.0 74.0 80.0 17.0 0.0 218.0 250.0 24.0 42.0 0.0 76.0 0.0 104.0 122.0 484.0 -20.0 167.0 120.0 424.0 5.0 0.0 208.0 64.0 0.0 -26.0 34.0 260.0 0.0 46.0 46.0 152.0 274.0 0.0 72.0 0.0 0.0 164.0 46.0
Solved min cost flow problem
Total cost: 129015.0
Network data file: /home/adnav613/TAOP61/lab_3/data/sweden-elnet.net
Problem: sweden-elnet
Coordinate file: /home/adnav613/TAOP61/lab_3/data/sweden-elnet.crd
Network file: /home/adnav613/TAOP61/lab_3/data/sweden-elnet.net
Solution file: /home/adnav613/TAOP61/lab_3/data/sweden-elnet.res
Name file: /home/adnav613/TAOP61/lab_3/data/sweden-elnet.nam
Comment file: /home/adnav613/TAOP61/lab_3/data/sweden-elnet.txt
Config file: /home/adnav613/TAOP61/lab_3/data/sweden-elnet.cfg
Nodes: 54 Links: 141
Nodes: 54
Nodes: 54
Nodes: 54 Links: 141
Costscale set to 1.0
Flow: 10.0 0.0 10.0 0.0 0.0 0.0 40.0 20.0 15.0 0.0 0.0 25.0 30.0 25.0 0.0 0.0 35.0 0.0 25.0 0.0 0.0 0.0 30.0 0.0 0.0 50.0 10.0 0.0 30.0 0.0 0.0 0.0 55.0 0.0 4.0 46.0 0.0 0.0 26.0 0.0 3.0 15.0 0.0 0.0 38.0 7.0 0.0 0.0 50.0 0.0 45.0 0.0 35.0 0.0 50.0 25.0 0.0 0.0 55.0 0.0 50.0 0.0 0.0 40.0 0.0 3.0 0.0 12.0 0.0 0.0 0.0 12.0 58.0 0.0 0.0 43.0 0.0 0.0 39.0 0.0 14.0 15.0 0.0 0.0 19.0 0.0 0.0 12.0 18.0 0.0 0.0 0.0 0.0 10.0 0.0 28.0 0.0 0.0 0.0 22.0 0.0 0.0 2.0 14.0 0.0 0.0 0.0 38.0 0.0 0.0 0.0 0.0 34.0 0.0 41.0 0.0 0.0 0.0 46.0 0.0 0.0 0.0 3.0 5.0 0.0 0.0 50.0 50.0 0.0 0.0 48.0 0.0 0.0 0.0 0.0 0.0 0.0 21.0 30.0 0.0 0.0
RedCost: 0.0 120.0 0.0 136.0 82.0 72.0 0.0 0.0 0.0 220.0 42.0 0.0 0.0 0.0 96.0 162.0 0.0 320.0 0.0 -53.0 250.0 23.0 0.0 340.0 66.0 -3.0 0.0 306.0 0.0 242.0 60.0 -27.0 -17.0 257.0 0.0 0.0 66.0 124.0 0.0 22.0 0.0 0.0 126.0 32.0 0.0 0.0 78.0 34.0 -2.0 115.0 0.0 46.0 0.0 92.0 -3.0 0.0 526.0 150.0 0.0 170.0 -17.0 77.0 48.0 0.0 288.0 0.0 54.0 0.0 56.0 7.0 34.0 0.0 0.0 37.0 66.0 0.0 115.0 156.0 0.0 52.0 0.0 0.0 68.0 54.0 0.0 60.0 44.0 0.0 0.0 97.0 170.0 23.0 252.0 0.0 0.0 0.0 6.0 188.0 130.0 0.0 32.0 192.0 0.0 0.0 74.0 80.0 17.0 0.0 218.0 250.0 24.0 42.0 0.0 56.0 0.0 104.0 122.0 487.0 0.0 172.0 140.0 424.0 0.0 0.0 208.0 64.0 0.0 -26.0 34.0 260.0 0.0 26.0 46.0 152.0 274.0 -20.0 72.0 0.0 0.0 164.0 46.0
Solved min cost flow problem
Total cost: 130445.0
Costscale set to 1.0
Flow: 10.0 0.0 10.0 0.0 0.0 0.0 25.0 20.0 0.0 0.0 0.0 40.0 30.0 25.0 0.0 0.0 35.0 0.0 0.0 25.0 0.0 0.0 45.0 0.0 0.0 35.0 10.0 0.0 45.0 0.0 0.0 0.0 45.0 0.0 1.0 34.0 0.0 0.0 26.0 0.0 0.0 15.0 0.0 0.0 38.0 7.0 0.0 0.0 38.0 0.0 35.0 0.0 50.0 0.0 38.0 25.0 0.0 0.0 55.0 0.0 50.0 0.0 0.0 40.0 0.0 3.0 0.0 12.0 0.0 0.0 0.0 12.0 58.0 0.0 0.0 43.0 0.0 0.0 39.0 0.0 14.0 15.0 0.0 0.0 19.0 0.0 0.0 12.0 18.0 0.0 0.0 0.0 0.0 10.0 0.0 28.0 0.0 0.0 0.0 22.0 0.0 0.0 2.0 10.0 0.0 0.0 0.0 38.0 0.0 0.0 0.0 0.0 38.0 0.0 37.0 0.0 0.0 0.0 50.0 0.0 0.0 0.0 0.0 5.0 0.0 0.0 50.0 50.0 0.0 0.0 44.0 0.0 0.0 0.0 0.0 19.0 0.0 17.0 30.0 0.0 0.0
RedCost: 0.0 120.0 0.0 136.0 82.0 43.0 0.0 0.0 29.0 220.0 6.0 0.0 0.0 0.0 132.0 162.0 0.0 320.0 36.0 0.0 250.0 -13.0 0.0 340.0 66.0 0.0 0.0 306.0 0.0 206.0 60.0 5.0 0.0 254.0 0.0 0.0 66.0 124.0 0.0 22.0 0.0 0.0 126.0 32.0 0.0 0.0 78.0 34.0 0.0 98.0 0.0 46.0 0.0 90.0 0.0 0.0 526.0 150.0 0.0 170.0 -32.0 92.0 48.0 0.0 288.0 0.0 54.0 0.0 56.0 7.0 34.0 0.0 0.0 37.0 66.0 0.0 115.0 156.0 0.0 52.0 0.0 0.0 68.0 54.0 0.0 60.0 44.0 0.0 0.0 97.0 170.0 23.0 252.0 0.0 0.0 0.0 6.0 188.0 130.0 0.0 32.0 192.0 0.0 0.0 74.0 80.0 17.0 0.0 218.0 250.0 24.0 42.0 0.0 76.0 0.0 104.0 122.0 484.0 -20.0 167.0 120.0 424.0 5.0 0.0 208.0 64.0 0.0 -26.0 34.0 260.0 0.0 46.0 46.0 152.0 274.0 0.0 72.0 0.0 0.0 164.0 46.0
Solved min cost flow problem
Total cost: 129015.0
Costscale set to 1.0
Flow: 10.0 0.0 10.0 0.0 0.0 0.0 25.0 20.0 0.0 0.0 0.0 40.0 30.0 25.0 0.0 0.0 35.0 0.0 0.0 25.0 0.0 0.0 45.0 0.0 0.0 35.0 10.0 0.0 45.0 0.0 0.0 19.0 26.0 0.0 8.0 27.0 0.0 0.0 26.0 0.0 7.0 15.0 0.0 0.0 38.0 7.0 0.0 0.0 50.0 0.0 16.0 0.0 31.0 0.0 50.0 25.0 0.0 0.0 55.0 0.0 50.0 0.0 0.0 40.0 0.0 3.0 0.0 12.0 0.0 0.0 0.0 12.0 58.0 0.0 0.0 43.0 0.0 0.0 39.0 0.0 14.0 15.0 0.0 0.0 19.0 0.0 0.0 12.0 18.0 0.0 0.0 0.0 0.0 10.0 0.0 28.0 0.0 0.0 0.0 22.0 0.0 0.0 2.0 10.0 0.0 0.0 0.0 38.0 0.0 0.0 0.0 0.0 38.0 0.0 37.0 0.0 0.0 0.0 50.0 0.0 0.0 0.0 7.0 5.0 0.0 0.0 50.0 50.0 0.0 0.0 44.0 0.0 0.0 0.0 0.0 0.0 0.0 17.0 30.0 0.0 0.0
RedCost: 0.0 120.0 0.0 136.0 82.0 48.0 0.0 0.0 24.0 220.0 6.0 0.0 0.0 0.0 132.0 162.0 0.0 320.0 36.0 0.0 250.0 -13.0 0.0 340.0 66.0 0.0 0.0 306.0 0.0 206.0 60.0 0.0 0.0 254.0 0.0 0.0 66.0 124.0 0.0 22.0 0.0 0.0 126.0 32.0 0.0 0.0 78.0 34.0 0.0 98.0 0.0 46.0 0.0 90.0 -5.0 0.0 526.0 150.0 0.0 170.0 -27.0 87.0 48.0 0.0 288.0 0.0 54.0 0.0 56.0 7.0 34.0 0.0 0.0 37.0 66.0 0.0 115.0 156.0 0.0 52.0 0.0 0.0 68.0 54.0 0.0 60.0 44.0 0.0 0.0 97.0 170.0 23.0 252.0 0.0 0.0 0.0 6.0 188.0 130.0 0.0 32.0 192.0 0.0 0.0 74.0 80.0 17.0 0.0 218.0 250.0 24.0 42.0 0.0 66.0 0.0 104.0 122.0 489.0 -10.0 172.0 130.0 424.0 0.0 0.0 208.0 64.0 0.0 -26.0 34.0 260.0 0.0 36.0 46.0 152.0 274.0 -10.0 72.0 0.0 0.0 164.0 46.0
Solved min cost flow problem
Total cost: 129145.0
Costscale set to 1.0
Flow: 10.0 0.0 10.0 0.0 0.0 0.0 25.0 20.0 0.0 0.0 0.0 40.0 30.0 25.0 0.0 0.0 35.0 0.0 25.0 0.0 0.0 0.0 45.0 0.0 0.0 35.0 10.0 0.0 45.0 0.0 0.0 19.0 51.0 0.0 8.0 27.0 0.0 0.0 26.0 0.0 7.0 15.0 0.0 0.0 38.0 7.0 0.0 0.0 50.0 0.0 41.0 0.0 31.0 0.0 50.0 25.0 0.0 0.0 55.0 0.0 50.0 0.0 0.0 40.0 0.0 3.0 0.0 12.0 0.0 0.0 0.0 12.0 58.0 0.0 0.0 43.0 0.0 0.0 39.0 0.0 14.0 15.0 0.0 0.0 19.0 0.0 0.0 12.0 18.0 0.0 0.0 0.0 0.0 10.0 0.0 28.0 0.0 0.0 0.0 22.0 0.0 0.0 2.0 10.0 0.0 0.0 0.0 38.0 0.0 0.0 0.0 0.0 38.0 0.0 37.0 0.0 0.0 0.0 50.0 0.0 0.0 0.0 7.0 5.0 0.0 0.0 50.0 50.0 0.0 0.0 44.0 0.0 0.0 0.0 0.0 0.0 0.0 17.0 30.0 0.0 0.0
RedCost: 0.0 120.0 0.0 136.0 82.0 48.0 0.0 0.0 24.0 220.0 42.0 0.0 0.0 0.0 96.0 162.0 0.0 320.0 0.0 -36.0 250.0 23.0 0.0 340.0 66.0 0.0 0.0 306.0 0.0 242.0 60.0 0.0 0.0 254.0 0.0 0.0 66.0 124.0 0.0 22.0 0.0 0.0 126.0 32.0 0.0 0.0 78.0 34.0 -4.0 98.0 0.0 46.0 0.0 94.0 -1.0 0.0 526.0 150.0 0.0 170.0 -27.0 87.0 48.0 0.0 288.0 0.0 54.0 0.0 56.0 7.0 34.0 0.0 0.0 37.0 66.0 0.0 115.0 156.0 0.0 52.0 0.0 0.0 68.0 54.0 0.0 60.0 44.0 0.0 0.0 97.0 170.0 23.0 252.0 0.0 0.0 0.0 6.0 188.0 130.0 0.0 32.0 192.0 0.0 0.0 74.0 80.0 17.0 0.0 218.0 250.0 24.0 42.0 0.0 66.0 0.0 104.0 122.0 485.0 -10.0 172.0 130.0 424.0 0.0 0.0 208.0 64.0 0.0 -26.0 34.0 260.0 0.0 36.0 46.0 152.0 274.0 -10.0 72.0 0.0 0.0 164.0 46.0
Solved min cost flow problem
Total cost: 130045.0
Costscale set to 1.0
Flow: 10.0 0.0 10.0 0.0 0.0 0.0 37.0 20.0 12.0 0.0 0.0 28.0 30.0 25.0 0.0 0.0 35.0 0.0 0.0 48.0 0.0 23.0 10.0 0.0 0.0 47.0 10.0 0.0 10.0 0.0 0.0 0.0 10.0 0.0 1.0 46.0 0.0 0.0 26.0 0.0 0.0 15.0 0.0 0.0 38.0 7.0 0.0 0.0 50.0 0.0 0.0 0.0 38.0 0.0 50.0 25.0 0.0 0.0 55.0 0.0 50.0 0.0 0.0 40.0 0.0 3.0 0.0 12.0 0.0 0.0 0.0 12.0 58.0 0.0 0.0 43.0 0.0 0.0 39.0 0.0 14.0 15.0 0.0 0.0 19.0 0.0 0.0 12.0 18.0 0.0 0.0 0.0 0.0 10.0 0.0 28.0 0.0 0.0 0.0 22.0 0.0 0.0 2.0 16.0 0.0 0.0 0.0 38.0 0.0 0.0 0.0 0.0 32.0 0.0 43.0 0.0 0.0 0.0 44.0 0.0 0.0 0.0 0.0 5.0 0.0 0.0 50.0 50.0 0.0 0.0 50.0 1.0 0.0 0.0 0.0 0.0 0.0 24.0 30.0 0.0 0.0
RedCost: 0.0 120.0 0.0 136.0 82.0 72.0 0.0 0.0 0.0 220.0 19.0 0.0 0.0 0.0 119.0 162.0 0.0 320.0 23.0 0.0 250.0 0.0 0.0 340.0 66.0 0.0 0.0 306.0 0.0 219.0 60.0 -24.0 0.0 254.0 0.0 0.0 66.0 124.0 0.0 22.0 1.0 0.0 126.0 32.0 0.0 0.0 78.0 34.0 -4.0 98.0 13.0 33.0 0.0 94.0 0.0 0.0 526.0 150.0 0.0 170.0 -16.0 76.0 48.0 0.0 288.0 0.0 54.0 0.0 56.0 7.0 34.0 0.0 0.0 37.0 66.0 0.0 115.0 156.0 0.0 52.0 0.0 0.0 68.0 54.0 0.0 60.0 44.0 0.0 0.0 97.0 170.0 23.0 252.0 0.0 0.0 0.0 6.0 188.0 130.0 0.0 32.0 192.0 0.0 0.0 74.0 80.0 17.0 0.0 218.0 250.0 24.0 42.0 0.0 56.0 0.0 104.0 148.0 484.0 0.0 172.0 166.0 423.0 0.0 0.0 208.0 90.0 0.0 0.0 60.0 260.0 -26.0 0.0 20.0 152.0 274.0 -46.0 46.0 0.0 0.0 164.0 46.0
Solved min cost flow problem
Total cost: 129230.0
Costscale set to 1.0
Flow: 10.0 0.0 10.0 0.0 0.0 0.0 25.0 20.0 0.0 0.0 0.0 40.0 30.0 25.0 0.0 0.0 35.0 0.0 0.0 50.0 0.0 25.0 20.0 0.0 0.0 35.0 10.0 0.0 20.0 0.0 0.0 0.0 20.0 0.0 1.0 34.0 0.0 0.0 26.0 0.0 0.0 15.0 0.0 0.0 38.0 7.0 0.0 0.0 38.0 0.0 10.0 0.0 50.0 0.0 38.0 25.0 0.0 0.0 55.0 0.0 50.0 0.0 0.0 40.0 0.0 3.0 0.0 12.0 0.0 0.0 0.0 12.0 58.0 0.0 0.0 43.0 0.0 0.0 39.0 0.0 14.0 15.0 0.0 0.0 19.0 0.0 0.0 12.0 18.0 0.0 0.0 0.0 0.0 10.0 0.0 28.0 0.0 0.0 0.0 22.0 0.0 0.0 2.0 10.0 0.0 0.0 0.0 38.0 0.0 0.0 0.0 0.0 38.0 0.0 37.0 0.0 0.0 0.0 50.0 0.0 0.0 0.0 0.0 5.0 0.0 0.0 50.0 50.0 0.0 0.0 44.0 0.0 0.0 0.0 0.0 19.0 0.0 17.0 30.0 0.0 0.0
RedCost: 0.0 120.0 0.0 136.0 82.0 43.0 0.0 0.0 29.0 220.0 19.0 0.0 0.0 0.0 119.0 162.0 0.0 320.0 23.0 -13.0 250.0 0.0 0.0 340.0 66.0 0.0 0.0 306.0 0.0 219.0 60.0 5.0 0.0 254.0 0.0 0.0 66.0 124.0 0.0 22.0 5.0 0.0 126.0 32.0 0.0 0.0 78.0 34.0 0.0 98.0 0.0 46.0 0.0 90.0 0.0 0.0 526.0 150.0 0.0 170.0 -32.0 92.0 48.0 0.0 288.0 0.0 54.0 0.0 56.0 7.0 34.0 0.0 0.0 37.0 66.0 0.0 115.0 156.0 0.0 52.0 0.0 0.0 68.0 54.0 0.0 60.0 44.0 0.0 0.0 97.0 170.0 23.0 252.0 0.0 0.0 0.0 6.0 188.0 130.0 0.0 32.0 192.0 0.0 0.0 74.0 80.0 17.0 0.0 218.0 250.0 24.0 42.0 0.0 76.0 0.0 104.0 122.0 484.0 -20.0 172.0 120.0 419.0 0.0 0.0 208.0 64.0 0.0 -26.0 34.0 260.0 0.0 46.0 46.0 152.0 274.0 0.0 72.0 0.0 0.0 164.0 46.0
Solved min cost flow problem
Total cost: 128690.0
Costscale set to 1.0
Flow: 10.0 0.0 10.0 0.0 0.0 0.0 25.0 20.0 0.0 0.0 0.0 40.0 30.0 25.0 0.0 0.0 35.0 0.0 0.0 50.0 0.0 25.0 20.0 0.0 0.0 35.0 10.0 0.0 20.0 0.0 0.0 0.0 20.0 0.0 1.0 34.0 0.0 0.0 26.0 0.0 0.0 15.0 0.0 0.0 38.0 7.0 0.0 0.0 38.0 0.0 10.0 0.0 50.0 0.0 38.0 25.0 0.0 0.0 55.0 0.0 50.0 0.0 0.0 40.0 0.0 3.0 0.0 12.0 0.0 0.0 0.0 12.0 58.0 0.0 0.0 43.0 0.0 0.0 39.0 0.0 14.0 15.0 0.0 0.0 19.0 0.0 0.0 12.0 18.0 0.0 0.0 0.0 0.0 10.0 0.0 28.0 0.0 0.0 0.0 22.0 0.0 0.0 2.0 10.0 0.0 0.0 0.0 38.0 0.0 0.0 0.0 0.0 38.0 0.0 37.0 0.0 0.0 0.0 50.0 0.0 0.0 0.0 0.0 5.0 0.0 0.0 50.0 50.0 0.0 0.0 44.0 0.0 0.0 0.0 0.0 19.0 0.0 17.0 30.0 0.0 0.0
RedCost: 0.0 120.0 0.0 136.0 82.0 43.0 0.0 0.0 29.0 220.0 19.0 0.0 0.0 0.0 119.0 162.0 0.0 320.0 23.0 -13.0 250.0 0.0 0.0 340.0 66.0 0.0 0.0 306.0 0.0 219.0 60.0 5.0 0.0 254.0 0.0 0.0 66.0 124.0 0.0 22.0 5.0 0.0 126.0 32.0 0.0 0.0 78.0 34.0 0.0 98.0 0.0 46.0 0.0 90.0 0.0 0.0 526.0 150.0 0.0 170.0 -32.0 92.0 48.0 0.0 288.0 0.0 54.0 0.0 56.0 7.0 34.0 0.0 0.0 37.0 66.0 0.0 115.0 156.0 0.0 52.0 0.0 0.0 68.0 54.0 0.0 60.0 44.0 0.0 0.0 97.0 170.0 23.0 252.0 0.0 0.0 0.0 6.0 188.0 130.0 0.0 32.0 192.0 0.0 0.0 74.0 80.0 17.0 0.0 218.0 250.0 24.0 42.0 0.0 76.0 0.0 104.0 122.0 484.0 -20.0 172.0 120.0 419.0 0.0 0.0 208.0 64.0 0.0 -26.0 34.0 260.0 0.0 46.0 46.0 152.0 274.0 0.0 72.0 0.0 0.0 164.0 46.0
Solved min cost flow problem
Total cost: 128690.0
Costscale set to 1.0
Flow: 10.0 0.0 10.0 0.0 0.0 0.0 25.0 20.0 0.0 0.0 0.0 40.0 30.0 25.0 0.0 0.0 35.0 0.0 25.0 0.0 0.0 0.0 45.0 0.0 0.0 35.0 10.0 0.0 45.0 0.0 0.0 19.0 51.0 0.0 8.0 27.0 0.0 0.0 26.0 0.0 7.0 15.0 0.0 0.0 38.0 7.0 0.0 0.0 50.0 0.0 41.0 0.0 31.0 0.0 50.0 25.0 0.0 0.0 55.0 0.0 50.0 0.0 0.0 40.0 0.0 3.0 0.0 12.0 0.0 0.0 0.0 12.0 58.0 0.0 0.0 43.0 0.0 0.0 39.0 0.0 14.0 15.0 0.0 0.0 19.0 0.0 0.0 12.0 18.0 0.0 0.0 0.0 0.0 10.0 0.0 28.0 0.0 0.0 0.0 22.0 0.0 0.0 2.0 10.0 0.0 0.0 0.0 38.0 0.0 0.0 0.0 0.0 38.0 0.0 37.0 0.0 0.0 0.0 50.0 0.0 0.0 0.0 7.0 5.0 0.0 0.0 50.0 50.0 0.0 0.0 44.0 0.0 0.0 0.0 0.0 0.0 0.0 17.0 30.0 0.0 0.0
RedCost: 0.0 120.0 0.0 136.0 82.0 48.0 0.0 0.0 24.0 220.0 42.0 0.0 0.0 0.0 96.0 162.0 0.0 320.0 0.0 -36.0 250.0 23.0 0.0 340.0 66.0 0.0 0.0 306.0 0.0 242.0 60.0 0.0 0.0 254.0 0.0 0.0 66.0 124.0 0.0 22.0 0.0 0.0 126.0 32.0 0.0 0.0 78.0 34.0 -4.0 98.0 0.0 46.0 0.0 94.0 -1.0 0.0 526.0 150.0 0.0 170.0 -27.0 87.0 48.0 0.0 288.0 0.0 54.0 0.0 56.0 7.0 34.0 0.0 0.0 37.0 66.0 0.0 115.0 156.0 0.0 52.0 0.0 0.0 68.0 54.0 0.0 60.0 44.0 0.0 0.0 97.0 170.0 23.0 252.0 0.0 0.0 0.0 6.0 188.0 130.0 0.0 32.0 192.0 0.0 0.0 74.0 80.0 17.0 0.0 218.0 250.0 24.0 42.0 0.0 66.0 0.0 104.0 122.0 485.0 -10.0 172.0 130.0 424.0 0.0 0.0 208.0 64.0 0.0 -26.0 34.0 260.0 0.0 36.0 46.0 152.0 274.0 -10.0 72.0 0.0 0.0 164.0 46.0
Solved min cost flow problem
Total cost: 130045.0
Costscale set to 1.0
Flow: 10.0 0.0 10.0 0.0 0.0 0.0 37.0 20.0 12.0 0.0 0.0 28.0 30.0 25.0 0.0 0.0 35.0 0.0 0.0 48.0 0.0 23.0 10.0 0.0 0.0 47.0 10.0 0.0 10.0 0.0 0.0 0.0 10.0 0.0 1.0 46.0 0.0 0.0 26.0 0.0 0.0 15.0 0.0 0.0 38.0 7.0 0.0 0.0 50.0 0.0 0.0 0.0 38.0 0.0 50.0 25.0 0.0 0.0 55.0 0.0 50.0 0.0 0.0 40.0 0.0 3.0 0.0 12.0 0.0 0.0 0.0 12.0 58.0 0.0 0.0 43.0 0.0 0.0 39.0 0.0 14.0 15.0 0.0 0.0 19.0 0.0 0.0 12.0 18.0 0.0 0.0 0.0 0.0 10.0 0.0 28.0 0.0 0.0 0.0 22.0 0.0 0.0 2.0 16.0 0.0 0.0 0.0 38.0 0.0 0.0 0.0 0.0 32.0 0.0 43.0 0.0 0.0 0.0 44.0 0.0 0.0 0.0 0.0 5.0 0.0 0.0 50.0 50.0 0.0 0.0 50.0 1.0 0.0 0.0 0.0 0.0 0.0 24.0 30.0 0.0 0.0
RedCost: 0.0 120.0 0.0 136.0 82.0 72.0 0.0 0.0 0.0 220.0 19.0 0.0 0.0 0.0 119.0 162.0 0.0 320.0 23.0 0.0 250.0 0.0 0.0 340.0 66.0 0.0 0.0 306.0 0.0 219.0 60.0 -24.0 0.0 254.0 0.0 0.0 66.0 124.0 0.0 22.0 1.0 0.0 126.0 32.0 0.0 0.0 78.0 34.0 -4.0 98.0 13.0 33.0 0.0 94.0 0.0 0.0 526.0 150.0 0.0 170.0 -16.0 76.0 48.0 0.0 288.0 0.0 54.0 0.0 56.0 7.0 34.0 0.0 0.0 37.0 66.0 0.0 115.0 156.0 0.0 52.0 0.0 0.0 68.0 54.0 0.0 60.0 44.0 0.0 0.0 97.0 170.0 23.0 252.0 0.0 0.0 0.0 6.0 188.0 130.0 0.0 32.0 192.0 0.0 0.0 74.0 80.0 17.0 0.0 218.0 250.0 24.0 42.0 0.0 56.0 0.0 104.0 148.0 484.0 0.0 172.0 166.0 423.0 0.0 0.0 208.0 90.0 0.0 0.0 60.0 260.0 -26.0 0.0 20.0 152.0 274.0 -46.0 46.0 0.0 0.0 164.0 46.0
Solved min cost flow problem
Total cost: 129230.0
Costscale set to 1.0
Flow: 10.0 0.0 10.0 0.0 0.0 0.0 25.0 20.0 0.0 0.0 0.0 40.0 30.0 25.0 0.0 0.0 35.0 0.0 0.0 50.0 0.0 25.0 20.0 0.0 0.0 35.0 10.0 0.0 20.0 0.0 0.0 0.0 20.0 0.0 1.0 34.0 0.0 0.0 26.0 0.0 0.0 15.0 0.0 0.0 38.0 7.0 0.0 0.0 38.0 0.0 10.0 0.0 50.0 0.0 38.0 25.0 0.0 0.0 55.0 0.0 50.0 0.0 0.0 40.0 0.0 3.0 0.0 12.0 0.0 0.0 0.0 12.0 58.0 0.0 0.0 43.0 0.0 0.0 39.0 0.0 14.0 15.0 0.0 0.0 19.0 0.0 0.0 12.0 18.0 0.0 0.0 0.0 0.0 10.0 0.0 28.0 0.0 0.0 0.0 22.0 0.0 0.0 2.0 10.0 0.0 0.0 0.0 38.0 0.0 0.0 0.0 0.0 38.0 0.0 37.0 0.0 0.0 0.0 50.0 0.0 0.0 0.0 0.0 5.0 0.0 0.0 50.0 50.0 0.0 0.0 44.0 0.0 0.0 0.0 0.0 19.0 0.0 17.0 30.0 0.0 0.0
RedCost: 0.0 120.0 0.0 136.0 82.0 43.0 0.0 0.0 29.0 220.0 19.0 0.0 0.0 0.0 119.0 162.0 0.0 320.0 23.0 -13.0 250.0 0.0 0.0 340.0 66.0 0.0 0.0 306.0 0.0 219.0 60.0 5.0 0.0 254.0 0.0 0.0 66.0 124.0 0.0 22.0 5.0 0.0 126.0 32.0 0.0 0.0 78.0 34.0 0.0 98.0 0.0 46.0 0.0 90.0 0.0 0.0 526.0 150.0 0.0 170.0 -32.0 92.0 48.0 0.0 288.0 0.0 54.0 0.0 56.0 7.0 34.0 0.0 0.0 37.0 66.0 0.0 115.0 156.0 0.0 52.0 0.0 0.0 68.0 54.0 0.0 60.0 44.0 0.0 0.0 97.0 170.0 23.0 252.0 0.0 0.0 0.0 6.0 188.0 130.0 0.0 32.0 192.0 0.0 0.0 74.0 80.0 17.0 0.0 218.0 250.0 24.0 42.0 0.0 76.0 0.0 104.0 122.0 484.0 -20.0 172.0 120.0 419.0 0.0 0.0 208.0 64.0 0.0 -26.0 34.0 260.0 0.0 46.0 46.0 152.0 274