 Read problem data from file: netin
           1           2          60          50
           2           1          60          50
           2           3          68          50
           3           2          68          50
           3           4          41          50
           3           5          36          50
           3          11         170          50
           4           3          41          50
           5           3          36          50
           5           6         110          50
           5           8          69          50
           5          10         125          50
           6           5         110          50
           7           8          81          50
           8           5          69          50
           8           7          81          50
           8           9         160          50
           9           8         160          50
           9          14         121          50
           9          22         157          50
          10           5         125          50
          10           9          85          50
          10          13         153          50
          11           3         170          50
          11          12          33          50
          11          15         127          50
          12          11          33          50
          13          10         153          50
          13          14          30          50
          14           9         121          50
          14          13          30          50
          14          20          40           0
          14          21          49          55
          15          11         127          50
          15          16          33          50
          15          20          39          50
          16          15          33          50
          16          17          62          50
          16          18          63          50
          16          20          28          50
          16          47         212          50
          17          16          62          50
          18          16          63          50
          18          19          16          50
          18          25         263          50
          19          18          16          50
          20          15          39          50
          20          16          28          50
          20          23          45          50
          21          14          49          50
          21          22          23          50
          22          21          23          50
          22          51         137          50
          23          20          45          50
          23          46         242          50
          24          25          75          50
          25          18         263          50
          25          24          75          50
          25          26          85          70
          26          25          85          70
          26          27          30          50
          27          26          30          50
          27          28          24          50
          27          29          27          50
          27          44         156          50
          28          27          24          50
          29          27          27          50
          29          30          17          50
          29          31          28          50
          29          32          22          50
          30          29          17          50
          31          29          28          50
          31          32          43          60
          32          29          22          50
          32          31          23          50
          32          33          78          60
          32          43          66          50
          33          32          78          50
          33          34          26          50
          34          33          26          50
          34          35          34          50
          34          36          27          50
          35          34          34          50
          36          34          27          50
          36          37          22          50
          36          38          30          50
          37          36          22          50
          37          54          23          50
          38          36          30          50
          38          39          60          50
          38          40          85          50
          39          38          60          50
          39          41         126          50
          39          53          82          50
          40          33          62           0
          40          38          85          50
          40          39          54           0
          40          41         110          50
          40          43          65          50
          41          39         126          50
          41          40         110          50
          41          42          96          50
          42          41          96          50
          42          43         109          50
          42          44          58          50
          42          45          40          50
          43          32          66          50
          43          40          65          50
          43          42         109          50
          43          44         125          50
          44          27         156          50
          44          42          58          50
          44          43         125          50
          44          46          28          50
          45          42          40          50
          45          48          52          50
          45          50          61          50
          46          23         242          50
          46          44          28          50
          46          47          86          50
          46          50          83          50
          47          16         212          50
          47          46          86          50
          48          45          52          50
          48          49         104          50
          48          50          55          50
          49          48         104          80
          49          50          69          50
          49          51          53          50
          49          52         130          50
          50          45          61          50
          50          46          83          50
          50          48          55          50
          50          51          76          50
          51          22         137          50
          51          46         113          50
          51          49          53          50
          51          50          76          50
          52          49         130          50
          53          39          82          50
          54          37          23          50
         -10
           0
           5
         -20
         -10
         -30
         -25
         -10
          10
          -5
           0
         -10
           0
           0
           0
         -10
         -15
          -5
          -7
          -4
          10
          10
           0
         -25
           8
           5
          13
          -3
          40
          12
         -70
          15
           4
          10
          14
          14
           7
          10
          12
          10
         -20
          25
          10
          12
          12
           7
           0
          45
         -70
          23
          14
         -30
          10
          12
 Number of nodes =          54 , number of arcs =         141
 Calling RELAX4 to solve the problem
 Optimal cost =    128690.00000000000     
 Number of iterations =          349
 Write solution on file: netout
