           1
          54         141
   132425.00000000000     
       1       2      10       0
       2       1       0     120
       2       3      10       0
       3       2       0     136
       3       4       0      82
       3       5       0      72
       3      11      40       0
       4       3      20       0
       5       3      15       0
       5       6       0     220
       5       8       0      42
       5      10      25       0
       6       5      30       0
       7       8      25       0
       8       5       0      96
       8       7       0     162
       8       9      35       0
       9       8       0     320
       9      14      25       0
       9      22       0     -50
      10       5       0     250
      10       9       0      23
      10      13      30       0
      11       3       0     340
      11      12       0      66
      11      15      50       0
      12      11      10       0
      13      10       0     306
      13      14      30       0
      14       9       0     242
      14      13       0      60
      14      20       0     -24
      14      21      55     -14
      15      11       0     254
      15      16       4       0
      15      20      46       0
      16      15       0      66
      16      17       0     124
      16      18      26       0
      16      20       0      22
      16      47       3       0
      17      16      15       0
      18      16       0     126
      18      19       0      32
      18      25      38       0
      19      18       7       0
      20      15       0      78
      20      16       0      34
      20      23      50      -5
      21      14       0     112
      21      22      45       0
      22      21       0      46
      22      51      35       0
      23      20       0      95
      23      46      50       0
      24      25      25       0
      25      18       0     526
      25      24       0     150
      25      26      55       0
      26      25       0     170
      26      27      50     -17
      27      26       0      77
      27      28       0      48
      27      29      40       0
      27      44       0     288
      28      27       3       0
      29      27       0      54
      29      30      12       0
      29      31       0      56
      29      32       0       7
      30      29       0      34
      31      29      12       0
      31      32      58       0
      32      29       0      37
      32      31       0      66
      32      33      43       0
      32      43       0     115
      33      32       0     156
      33      34      39       0
      34      33       0      52
      34      35      14       0
      34      36      15       0
      35      34       0      68
      36      34       0      54
      36      37      19       0
      36      38       0      60
      37      36       0      44
      37      54      12       0
      38      36      18       0
      38      39       0      97
      38      40       0     170
      39      38       0      23
      39      41       0     252
      39      53      10       0
      40      33       0       0
      40      38      28       0
      40      39       0       6
      40      41       0     188
      40      43       0     130
      41      39      22       0
      41      40       0      32
      41      42       0     192
      42      41       2       0
      42      43      14       0
      42      44       0      74
      42      45       0      80
      43      32       0      17
      43      40      38       0
      43      42       0     218
      43      44       0     250
      44      27       0      24
      44      42       0      42
      44      43      34       0
      44      46       0      56
      45      42      41       0
      45      48       0     104
      45      50       0     122
      46      23       0     484
      46      44      46       0
      46      47       0     172
      46      50       0     140
      47      16       0     424
      47      46       3       0
      48      45      35       0
      48      49       0     242
      48      50       0      64
      49      48      80     -34
      49      50       0     -60
      49      51      20       0
      49      52       0     260
      50      45      18       0
      50      46       0      26
      50      48       0      46
      50      51       0     152
      51      22       0     274
      51      46       0     -20
      51      49       0     106
      51      50      41       0
      52      49      30       0
      53      39       0     164
      54      37       0      46
