3 vehicles

Vehicle 1:
Time: 403.8957765
Tour: 
[0, 3, 25, 53, 25, 2, 8, 12, 13, 0, 3, 5, 53, 4, 1, 54, 18, 9, 19, 36, 22, 48, 22, 33, 50, 16, 26, 59, 26, 47, 43, 57, 43, 47, 26, 16, 52, 6, 15, 14]
Vehicle 2:
Time: 425.899836
Tour: 
[1, 2, 8, 11, 10, 46, 27, 31, 20, 19, 20, 42, 50, 40, 30, 52, 16, 52, 6, 7, 49, 31, 27, 41, 49, 41, 34, 11, 34, 46, 10, 9, 18, 54]
Vehicle 3:
Time: 366.463471
Tour: 
[2, 8, 7, 49, 30, 40, 42, 50, 16, 26, 47, 43, 35, 28, 35, 29, 60, 29, 24, 44, 24, 21, 45, 21, 24, 29, 35, 43, 47, 38, 47, 26, 16, 50, 33, 32, 33, 22, 36, 51, 56, 51, 37, 55, 37, 39, 61, 39, 23, 58, 23, 39, 37, 51, 36, 19, 20, 31, 49, 7, 17, 15, 17, 13, 12, 25, 2, 4]