3 vehicles

Vehicle 1:
Time: 840.469908
Tour: 
[51, 38, 51, 21, 20, 24, 37, 1, 25, 35, 2, 26, 48, 49, 54, 3, 61, 65, 63, 56, 63, 66, 45, 43, 41, 67, 14, 17, 16, 18, 55, 11, 10, 9, 10, 8, 32, 29, 32, 31, 52, 36, 40, 53, 36, 53, 31, 32, 60, 5, 6, 50, 43, 37, 24, 20, 21]
Vehicle 2:
Time: 707.5985405
Tour: 
[0, 24, 20, 19, 23, 22, 44, 51, 21, 20, 24, 37, 58, 17, 64, 17, 14, 13, 42, 13, 27, 12, 11, 55, 15, 12, 7, 6, 7, 4, 8, 4, 5, 60, 61, 65, 54, 49, 62, 26, 48, 33, 34, 2, 34]
Vehicle 3:
Time: 826.4038705
Tour: 
[1, 37, 24, 20, 21, 22, 44, 47, 44, 22, 23, 46, 19, 46, 16, 15, 57, 15, 12, 27, 59, 41, 58, 41, 67, 42, 59, 50, 43, 45, 66, 63, 30, 63, 65, 62, 65, 63, 66, 28, 66, 45, 1, 35, 25, 39, 25, 35]