4 vehicles

Vehicle 1:
Time: 666.1783205
Tour: 
[1, 37, 24, 20, 19, 23, 46, 16, 17, 14, 67, 41, 59, 41, 58, 37, 1, 25, 39, 25, 35, 2, 26, 62, 49, 54, 65, 63, 56, 63, 66, 28, 66, 45]
Vehicle 2:
Time: 641.282563
Tour: 
[0, 24, 20, 21, 22, 21, 20, 24, 37, 58, 17, 64, 17, 14, 13, 27, 12, 11, 55, 15, 12, 7, 6, 5, 60, 61, 3, 54, 49, 48, 33, 34, 2, 34]
Vehicle 3:
Time: 673.867392
Tour: 
[5, 6, 50, 43, 37, 24, 20, 21, 51, 38, 51, 44, 47, 44, 22, 23, 19, 46, 16, 15, 57, 15, 16, 18, 55, 11, 10, 9, 10, 8, 32, 31, 52, 36, 53, 36, 40, 53, 31, 32, 60]
Vehicle 4:
Time: 440.241938
Tour: 
[1, 35, 2, 26, 48, 26, 62, 65, 61, 60, 5, 4, 8, 32, 29, 32, 8, 4, 7, 6, 50, 59, 27, 13, 42, 67, 42, 59, 41, 43, 45, 66, 63, 30, 63, 66, 45]