3 vehicles

Vehicle 1:
Time: 804.8597715
Tour: 
[1, 35, 2, 26, 62, 49, 54, 3, 61, 60, 32, 29, 32, 8, 4, 7, 12, 11, 55, 15, 57, 15, 12, 27, 59, 41, 58, 37, 24, 20, 21, 22, 44, 47, 44, 51, 38, 51, 21, 20, 24, 37]
Vehicle 2:
Time: 808.3399385
Tour: 
[1, 37, 24, 20, 19, 23, 22, 23, 46, 16, 15, 12, 27, 13, 14, 67, 42, 67, 14, 17, 16, 18, 55, 11, 10, 9, 10, 8, 32, 31, 52, 36, 53, 36, 40, 53, 31, 32, 8, 4, 5, 60, 61, 65, 62, 65, 63, 66, 45, 1, 25, 39, 25, 35]
Vehicle 3:
Time: 784.3544735
Tour: 
[0, 24, 20, 19, 46, 16, 17, 64, 17, 58, 37, 43, 50, 6, 7, 6, 5, 6, 50, 59, 42, 13, 14, 67, 41, 43, 45, 66, 28, 66, 63, 30, 63, 56, 63, 65, 54, 49, 48, 26, 48, 33, 34, 2, 34]