4 vehicles

Vehicle 1:
Time: 609.1978235
Tour: 
[26, 62, 65, 61, 60, 32, 29, 32, 8, 4, 5, 6, 7, 6, 50, 43, 37, 24, 20, 21, 22, 44, 47, 44, 22, 23, 19, 46, 16, 15, 55, 15, 16, 17, 14, 67, 41, 59, 50, 43, 45, 1, 35, 2]
Vehicle 2:
Time: 622.1013195
Tour: 
[3, 54, 49, 62, 65, 63, 66, 45, 43, 41, 67, 42, 13, 14, 13, 27, 12, 11, 55, 18, 16, 15, 57, 15, 12, 7, 4, 8, 32, 31, 52, 36, 53, 36, 40, 53, 31, 32, 60, 61]
Vehicle 3:
Time: 592.410672
Tour: 
[1, 37, 24, 20, 19, 46, 23, 22, 44, 51, 38, 51, 21, 20, 24, 37, 1, 25, 39, 25, 35, 2, 34, 33, 48, 49, 54, 65, 63, 30, 63, 56, 63, 66, 28, 66, 45]
Vehicle 4:
Time: 623.8612615
Tour: 
[0, 24, 37, 58, 17, 64, 17, 58, 41, 59, 42, 59, 27, 12, 11, 10, 9, 10, 8, 4, 5, 60, 61, 65, 62, 26, 48, 26, 2, 34]