200000
74
3 24.0
4 18.0
2 12.0
1 224.0
2 50.0
5 14.0
4 31.0
2 275.0
3 22.0
3 183.0
4 50.0
5 80.0
4 19.0
4 4.0
3 17.0
5 30.0
5 25.0
4 72.0
2 189.0
5 97.0
5 297.0
2 67.0
1 191.0
5 50.0
2 470.0
4 720.0
2 128.0
1 2726.0
4 145.0
4 731.0
5 165.0
3 344.0
2 163.0
4 2308.0
5 122.0
5 1156.0
1 118.0
4 680.0
2 112.0
5 1682.0
4 75.0
4 2512.0
4 157.0
1 1238.0
5 57.0
5 1107.0
5 74.0
5 630.0
5 77.0
3 176.0
3 1389.0
2 95.0
3 1195.0
5 75.0
2 218.0
4 88.0
5 213.0
2 38.0
4 96.0
1 108.0
3 77.0
3 30.0
5 104.0
1 87.0
1 59.0
2 192.0
5 82.0
1 23.0
4 7.0
5 29.0
4 29.0
1 40.0
2 21.0
3 46.0
