         100000
         300
3   93.096527    
1   15.346155    
3   77.114929    
1   48.341545    
1   51.748596    
4   68.897659    
5   94.616684    
3   19.196472    
3   51.599918    
4   101.03207    
4   36.245285    
1   83.608185    
2   73.263847    
4   109.10374    
2   34.703884    
5   82.266029    
4   75.151833    
1   73.163467    
4   37.270985    
2   86.649475    
3   33.777435    
2   45.926483    
1   58.651718    
5   100.92081    
1   100.46531    
3   61.629185    
2   108.66418    
3   36.614426    
1   104.77641    
1   60.070690    
2   37.708172    
5   62.974724    
3   104.09797    
1   86.151421    
4   92.781723    
1   11.586747    
4   96.824707    
3   83.622444    
4   109.94579    
4   33.319481    
2   45.101509    
3   69.111359    
4   51.208076    
4   36.931717    
2   63.730392    
3   38.721214    
1   25.371990    
3   90.240562    
1   63.444981    
3   105.53606    
4   65.458374    
4   72.484909    
4   25.976738    
1   81.470978    
1   19.099030    
2   10.299954    
2   12.687621    
4   103.78972    
2   28.089581    
2   98.699051    
3   25.033484    
4   48.581467    
2   59.974083    
1   68.718658    
4   69.010841    
5   65.614594    
1   108.33050    
2   24.181973    
3   35.212624    
3   56.403049    
5   22.603069    
1   41.924965    
3   22.671207    
3   72.163399    
4   34.784161    
3   48.931393    
1   12.837515    
5   52.649723    
1   104.74866    
2   23.118839    
4   19.217358    
1   17.106352    
2   35.305725    
1   88.315308    
3   44.952400    
3   90.894447    
5   75.164589    
1   77.959213    
5   35.012543    
4   57.126221    
3   70.039352    
4   85.584343    
3   105.13673    
3   53.933010    
4   78.898079    
4   108.71454    
5   95.126945    
2   63.742554    
3   20.343384    
2   67.671646    
4   54.003845    
4   96.926361    
4   90.072021    
4   84.171570    
1   98.603088    
3   56.332264    
1   81.342232    
3   76.767883    
4   29.955467    
5   96.588264    
4   64.394821    
1   55.034744    
5   31.553183    
3   41.573223    
3   98.150406    
2   56.753166    
4   46.515785    
1   109.91164    
1   73.048813    
3   10.059485    
1   87.335190    
4   41.917740    
2   78.249420    
4   30.526171    
4   80.892044    
4   19.454870    
1   86.400467    
3   31.385216    
1   18.106064    
2   105.21597    
5   48.985348    
2   79.216896    
2   87.686569    
4   52.245960    
2   29.396734    
1   29.182373    
5   34.405407    
4   23.645481    
2   70.101013    
1   92.835457    
1   108.79370    
2   33.359917    
1   31.941042    
3   79.600723    
4   79.624283    
4   76.952065    
3   15.644059    
3   32.700764    
2   79.983437    
1   86.257065    
3   65.391121    
3   42.966637    
4   24.304520    
1   58.532509    
4   91.326553    
3   83.899651    
2   23.533211    
3   41.073879    
3   61.808357    
2   35.884270    
2   49.301754    
3   57.589611    
2   37.929283    
1   46.974190    
2   77.178391    
4   61.393627    
4   82.076775    
5   56.069717    
5   42.155991    
3   61.714516    
3   50.183281    
3   108.65027    
1   77.009827    
2   64.171013    
3   92.923866    
1   37.420952    
3   64.613640    
5   36.661324    
5   34.673294    
4   79.402359    
3   91.710121    
1   26.074871    
4   80.782616    
2   68.242111    
4   109.15328    
4   37.951168    
4   27.117882    
1   59.569107    
1   26.308094    
5   88.299187    
4   53.642544    
1   68.478714    
3   16.684971    
3   48.973141    
1   48.576935    
3   75.905334    
4   63.866123    
2   91.593201    
2   78.610146    
2   10.934744    
1   62.095985    
4   32.068501    
1   17.063484    
1   82.376373    
2   15.060244    
3   55.716167    
3   54.648956    
1   38.594231    
4   79.563721    
3   78.116425    
2   15.747509    
5   64.239296    
1   95.619263    
1   47.755035    
3   67.617279    
4   77.933205    
3   13.558755    
1   107.33556    
1   45.131859    
3   70.761139    
1   65.286194    
5   45.692478    
4   107.42522    
2   35.152756    
2   91.304787    
5   34.458599    
4   79.485641    
3   36.362015    
3   21.657095    
1   21.367559    
3   10.607920    
1   69.935928    
2   18.250641    
4   47.530994    
4   22.363720    
5   12.963519    
1   59.424458    
4   103.40303    
2   45.965775    
4   59.995518    
4   77.190338    
4   85.677017    
1   33.057175    
1   66.260208    
3   71.661026    
2   32.480106    
2   75.301155    
1   84.410416    
1   14.763842    
3   22.494469    
5   58.418045    
3   101.40248    
1   69.354546    
4   59.658180    
1   54.163250    
3   87.194405    
1   54.279026    
5   56.774124    
2   54.592976    
4   30.534111    
1   47.251972    
5   106.48512    
2   17.033516    
1   62.633762    
1   61.770710    
1   94.157585    
2   52.389034    
2   81.354652    
3   97.188408    
4   93.659767    
4   48.906002    
5   70.560249    
2   63.950455    
3   50.169216    
2   18.308554    
2   57.237991    
2   20.496902    
1   90.201866    
3   76.882011    
4   34.375008    
4   36.366280    
2   18.100533    
3   33.286674    
4   59.134300    
1   36.611900    
3   52.519093    
1   106.34755    
1   89.585556    
5   27.115520    
3   16.380344    
2   39.246784    
3   92.583641    
4   82.644302    
2   90.208420    
3   14.534054    
1   25.331507    
4   16.173134    
3   102.91496    
1   30.456291    
1   79.969086    
