200000
74
1 24.0
4 18.0
5 12.0
3 224.0
2 50.0
5 14.0
2 31.0
2 275.0
1 22.0
4 183.0
5 50.0
3 80.0
5 19.0
4 4.0
3 17.0
4 30.0
1 25.0
2 72.0
2 189.0
5 97.0
3 297.0
3 67.0
2 191.0
3 50.0
2 470.0
4 720.0
3 128.0
1 2726.0
2 145.0
5 731.0
3 165.0
4 344.0
4 163.0
1 2308.0
2 122.0
4 1156.0
5 118.0
2 680.0
1 112.0
1 1682.0
2 75.0
1 2512.0
4 157.0
2 1238.0
4 57.0
2 1107.0
2 74.0
3 630.0
4 77.0
2 176.0
1 1389.0
5 95.0
2 1195.0
2 75.0
2 218.0
4 88.0
4 213.0
5 38.0
4 96.0
3 108.0
4 77.0
2 30.0
4 104.0
5 87.0
2 59.0
1 192.0
3 82.0
2 23.0
2 7.0
1 29.0
1 29.0
4 40.0
4 21.0
1 46.0
