    40000
    100
1   15.346155
3   77.114929    
1   48.341545    
1   51.748596    
4   68.897659    
5   94.616684    
3   19.196472    
3   51.599918    
4   101.03207    
4   36.245285    
1   83.608185    
2   73.263847    
4   109.10374    
2   34.703884    
5   82.266029    
4   75.151833    
1   73.163467    
4   37.270985    
2   86.649475    
3   33.777435    
2   45.926483    
1   58.651718    
4   100.92081    
1   100.46531    
3   61.629185    
2   108.66418    
3   36.614426    
1   104.77641    
1   60.070690    
2   37.708172    
5   62.974724    
3   104.09797    
1   86.151421    
4   92.781723    
1   11.586747    
4   96.824707    
3   83.622444    
4   109.94579    
4   33.319481    
2   45.101509    
3   69.111359    
4   51.208076    
4   36.931717    
2   63.730392    
3   38.721214    
1   25.371990    
3   90.240562    
1   63.444981    
3   105.53606    
4   65.458374    
4   72.484909    
4   25.976738    
1   81.470978    
1   19.099030    
2   10.299954    
2   12.687621    
4   103.78972    
2   28.089581    
2   98.699051    
3   25.033484    
3   48.581467    
2   59.974083    
1   68.718658    
4   69.010841    
5   65.614594    
1   108.33050    
2   24.181973    
3   35.212624    
3   56.403049    
5   22.603069    
1   41.924965    
3   22.671207    
3   72.163399    
4   34.784161    
3   48.931393    
1   12.837515    
4   52.649723    
1   104.74866    
2   23.118839    
4   19.217358    
1   17.106352    
2   35.305725    
1   88.315308    
3   44.952400    
2   90.894447    
5   75.164589    
1   77.959213    
4   35.012543    
4   57.126221    
3   70.039352    
4   85.584343    
3   105.13673    
3   53.933010    
4   78.898079    
4   108.71454    
5   95.126945    
2   63.742554    
3   20.343384    
2   67.671646    
4   54.003845    
