100000
246
3 347.759056109
4 962.616682039
3 972.527479505
3 176.706322008
4 321.774693929
1 859.417110234
2 33.1751050709
1 126.636647063
4 477.699831749
2 22.1150219082
3 157.931328725
3 196.016349035
1 73.9155774653
5 404.138446066
2 198.748115746
2 254.426415209
2 31.3366405702
2 175.860501814
3 395.032196488
2 38.8892078517
4 6.47804083037
2 112.180211662
2 37.1382938353
3 14.9068221295
4 19.6305668283
2 32.2655582347
3 142.165233371
3 33.9540401278
5 17.6227054247
4 4.84919568232
2 6.44294092083
2 14.7460876764
3 89.4807161896
2 22.4397764413
1 4.0997806039
2 5.33542009452
4 2.40151326645
4 2.55604874985
1 18.278341516
5 77.4181532927
2 25.6833798143
2 34.8236329247
1 7.93514561933
5 30.2880775554
2 27.2583761843
2 11.4544933541
4 77.255132531
2 13.0909982049
4 76.7475427624
3 16.6619192794
4 4.70662915721
1 16.4845820946
5 62.3827297976
5 10.5698426194
5 35.6197549564
3 21.2850327225
3 26.8333553274
4 8.73975422995
5 57.4851817536
3 8.54366275875
3 8.37764704437
5 265.862630491
3 22.1950157309
5 7.07739818012
3 494.869129946
2 196.743486404
4 16.9428310123
4 205.291261016
1 325.508575617
4 77.3283912236
3 98.6965535707
2 1241.58867409
3 548.668970961
5 170.660952802
2 265.635374986
2 78.9390754309
4 5.82003135731
3 207.677354969
3 106.466914462
3 93.5114920584
4 29.3264206788
4 30.3387276116
3 27.1288249481
3 13.4466292641
3 115.813415116
1 77.0340419688
3 1.76469940783
4 21.8062622141
1 66.0829275427
5 6.16043780913
3 36.475344947
3 12.6375330662
3 12.7377227557
2 36.7762160888
1 36.2111458411
2 3.0442946638
2 18.4813317831
2 7.41282459977
4 16.4651713893
2 0.243238566031
2 8.74098549086
1 6.91676941191
2 7.35822104864
3 18.8673697425
2 24.0788430047
2 16.104849094
4 8.95846983786
4 2.18712253886
2 1.59288574604
2 2.4641097784
2 15.1172709409
5 16.9313970185
2 55.852186189
3 57.6248567968
2 1.43140210982
1 16.8930042621
3 15.8774724688
1 9.99073455762
4 1.00986979357
4 5.26175603097
4 6.41443046457
3 119.405105846
4 53.4371308731
3 274.144939351
1 23.9938473155
4 69.7715740299
4 2.36791321632
3 179.090072896
3 27.2586225079
4 8.16068622168
3 13.5346166149
3 4.87175372892
3 18.3208785888
4 18.70971856
2 23.8693483444
4 44.6220284417
1 27.2561725799
3 6.88344020094
4 25.7789869748
4 55.3412622935
2 2.89456127938
5 109.84547971
2 58.1616262411
4 4.99226852242
2 3.72618974289
5 30.3956890833
4 62.0218220919
2 5.26473463792
4 4.39914221652
2 1.27161708072
4 3.62415206036
4 21.845919825
2 18.8284050573
4 36.8724150503
2 6.96853987576
3 3.92709116268
4 4.72525236969
5 4.19071338276
3 4.74098829358
2 101.451807065
2 89.0711305379
3 27.3396896589
4 133.631841533
4 75.3881040417
4 66.3236081228
3 121.90253434
5 155.944377521
2 67.0094407914
3 44.1432987487
5 8.09188636844
3 58.7082404294
4 1.52284634807
5 16.8082803572
4 167.336566715
2 104.370240924
2 87.8964429919
5 112.640764873
1 321.309732556
1 129.725434753
1 89.3401227812
3 161.576355975
1 26.4047954925
2 45.9513767192
2 159.870702644
1 32.7449403878
5 50.3889611079
4 315.435268516
2 81.9731704465
3 42.8637183307
4 23.7353216325
4 23.1730246656
3 19.7183460469
4 14.2606251265
5 23.7912596269
4 53.4210260777
4 53.2566355725
5 107.492739199
3 4.46809859278
4 4.95273075925
2 18.1845959543
3 5.60366174922
1 269.875013726
4 8.11119978792
3 481.755924877
2 50.6955213879
1 162.468576405
2 14.4130198085
4 261.524899516
4 115.723096149
4 22.8815637577
4 32.1284921084
5 189.61036747
4 17.2249587102
2 16.6267658212
2 8.86982281689
2 36.5058299557
4 19.7695894651
2 4.50103143737
5 4.60924603378
5 11.9982953559
2 1.48269653
2 9.02282719156
2 3.92168721747
3 6.22315362181
1 1.30732735284
3 0.326732306292
2 1.22449173135
1 1.0058215547
3 5.25622652904
3 2.04654342734
4 2.17080445919
2 5.46761247202
4 3.62068990391
4 2.07058663182
3 2.76665598511
3 3.69293585943
4 2.74097938706
3 39.93513391
3 3.01948356511
5 19.8823964854
2 39.0534033034
3 36.0101754829
3 212.656061154
1 782.814511132
4 712.366287642
3 114.153319702
