param nbutik :=           20 ;
param ngross :=            5 ;
param nbrygg :=            3 ;
param nmatr :=            3 ;
param nfpack :=            3 ;
param nlager :=            4 ;
#
param tomkost := 2 ;
param fullkost := 3 ;
param lagkost := 1 ;
param matrkop := 1 ;
param bristkost := 99999999 ;
param maxlager := 4;
#
param faktR := 0.7 ;
param faktM := 0.9 ;
param faktF := 1.5 ;
#
param : behov :=
          1          44
          2          85
          3          43
          4          67
          5          30
          6         107
          7          59
          8          90
          9          25
         10          24
         11          48
         12          52
         13          75
         14          16
         15          99
         16         100
         17          27
         18          13
         19          62
         20          37
 ;
param : netto :=
          1           1
          2           2
          3           0
          4           3
          5           0
          6           9
          7           2
          8           1
          9           0
         10           1
         11           4
         12           2
         13           2
         14           1
         15           9
         16           7
         17           1
         18           1
         19           5
         20           3
 ;
#
param : gkaptom :=
          1         334
          2         424
          3         475
          4         331
          5         452
 ;
param : gkapfull :=
          1         334
          2         424
          3         475
          4         331
          5         452
 ;
param : bkaptom :=
          1         175
          2         387
          3         129
 ;
param : bkapfull :=
          1         350
          2         774
          3         258
 ;
param : lkaptom :=
          1        1051
          2         735
          3         866
          4         969
 ;
#
param : fkostG :=
          1           4
          2           6
          3           5
          4           8
          5           4
 ;
param : fkostB :=
          1           8
          2           9
          3           8
 ;
#
param : fkostL :=
          1         859
          2         661
          3         596
          4        1062
 ;
#
param distBuG :
          1
          2
          3
          4
          5
 :=
          1
         39
         61
         32
         14
         22
          2
         34
         78
         46
         26
         26
          3
         16
         74
         29
         37
         13
          4
         80
         25
         50
         49
         70
          5
         92
         21
         50
         68
         71
          6
         74
         21
         43
         51
         55
          7
         61
         26
         28
         42
         47
          8
         56
         67
         41
         22
         37
          9
         76
         16
         41
         50
         64
         10
         78
         31
         58
         44
         62
         11
         32
         48
          5
         25
         22
         12
         38
         56
         20
         18
         17
         13
         61
         26
         35
         34
         45
         14
         93
         20
         56
         56
         74
         15
         30
         70
         36
         22
         18
         16
         23
         83
         46
         39
         30
         17
         97
         40
         70
         55
         79
         18
         61
         22
         28
         43
         50
         19
         48
         41
          8
         28
         28
         20
         58
         37
         29
         18
         34
 ;
param distBuB :
          1
          2
          3
 :=
          1
         37
         67
         17
          2
         48
         80
         12
          3
         45
         71
         18
          4
         34
         37
         71
          5
         44
          8
         80
          6
         30
         11
         71
          7
         20
         29
         58
          8
         38
         77
         32
          9
         26
         13
         75
         10
         35
         45
         65
         11
         27
         46
         38
         12
         29
         53
         26
         13
         19
         36
         56
         14
         41
         30
         81
         15
         40
         74
         16
         16
         57
         89
          8
         17
         52
         50
         88
         18
         21
         27
         52
         19
         13
         44
         38
         20
          6
         37
         43
 ;
param distGB :
          1
          2
          3
 :=
          1
         57
         85
         22
          2
         28
         21
         71
          3
         25
         42
         41
          4
         24
         61
         28
          5
         43
         63
         14
 ;
param : distGR :=
          1          93
          2          33
          3          66
          4          56
          5          80
 ;
param : distBR :=
          1          50
          2          53
          3          89
 ;
param : distRM :=
          1          52
          2          90
          3          46
 ;
param distMT :
          1
          2
          3
 :=
          1
         12
         46
         13
          2
         57
         91
         52
          3
         25
         40
         40
 ;
param distTB :
          1
          2
          3
 :=
          1
         13
         26
         56
          2
         40
         48
         85
          3
          6
         34
         53
 ;
param distBuL :
          1
          2
          3
          4
 :=
          1
         35
         25
         53
         29
          2
         50
          6
         68
         26
          3
         53
         30
         70
         12
          4
         34
         72
          2
         78
          5
         51
         90
         34
         87
          6
         52
         74
         39
         73
          7
         47
         66
         47
         51
          8
         29
         27
         50
         48
          9
         44
         80
         26
         70
         10
         15
         65
         20
         67
         11
         46
         38
         60
         29
         12
         39
         34
         54
         24
         13
         23
         60
         25
         58
         14
         39
         84
         12
         82
         15
         40
         14
         63
         19
         16
         57
         11
         81
         20
         17
         39
         85
         24
         87
         18
         36
         63
         34
         56
         19
         39
         50
         43
         42
         20
         23
         55
         37
         52
 ;
param : distLR :=
          1          33
          2          87
          3          16
          4          84
 ;
end ;
