       300000
        1000
1   58.651718    
5   100.92081    
1   100.46531    
3   61.629185    
2   108.66418    
3   36.614426    
1   104.77641    
1   60.070690    
2   37.708172    
5   62.974724    
3   104.09797    
1   86.151421    
4   92.781723    
1   11.586747    
4   96.824707    
3   83.622444    
4   109.94579    
4   33.319481    
2   45.101509    
3   69.111359    
4   51.208076    
4   36.931717    
2   63.730392    
3   38.721214    
1   25.371990    
3   90.240562    
1   63.444981    
3   105.53606    
4   65.458374    
4   72.484909    
4   25.976738    
1   81.470978    
1   19.099030    
2   10.299954    
2   12.687621    
4   103.78972    
2   28.089581    
2   98.699051    
3   25.033484    
4   48.581467    
2   59.974083    
1   68.718658    
4   69.010841    
5   65.614594    
1   108.33050    
2   24.181973    
3   35.212624    
3   56.403049    
5   22.603069    
1   41.924965    
3   22.671207    
3   72.163399    
4   34.784161    
3   48.931393    
1   12.837515    
5   52.649723    
1   104.74866    
2   23.118839    
4   19.217358    
1   17.106352    
2   35.305725    
1   88.315308    
3   44.952400    
3   90.894447    
5   75.164589    
1   77.959213    
5   35.012543    
4   57.126221    
3   70.039352    
4   85.584343    
3   105.13673    
3   53.933010    
4   78.898079    
4   108.71454    
5   95.126945    
2   63.742554    
3   20.343384    
2   67.671646    
4   54.003845    
4   96.926361    
4   90.072021    
4   84.171570    
1   98.603088    
3   56.332264    
1   81.342232    
3   76.767883    
4   29.955467    
5   96.588264    
4   64.394821    
1   55.034744    
5   31.553183    
3   41.573223    
3   98.150406    
2   56.753166    
4   46.515785    
1   109.91164    
1   73.048813    
3   10.059485    
1   87.335190    
4   41.917740    
2   78.249420    
4   30.526171    
4   80.892044    
4   19.454870    
1   86.400467    
3   31.385216    
1   18.106064    
2   105.21597    
5   48.985348    
2   79.216896    
2   87.686569    
4   52.245960    
2   29.396734    
1   29.182373    
5   34.405407    
4   23.645481    
2   70.101013    
1   92.835457    
1   108.79370    
2   33.359917    
1   31.941042    
3   79.600723    
4   79.624283    
4   76.952065    
3   15.644059    
3   32.700764    
2   79.983437    
1   86.257065    
3   65.391121    
3   42.966637    
4   24.304520    
1   58.532509    
4   91.326553    
3   83.899651    
2   23.533211    
3   41.073879    
3   61.808357    
2   35.884270    
2   49.301754    
3   57.589611    
2   37.929283    
1   46.974190    
2   77.178391    
4   61.393627    
4   82.076775    
5   56.069717    
5   42.155991    
3   61.714516    
3   50.183281    
3   108.65027    
1   77.009827    
2   64.171013    
3   92.923866    
1   37.420952    
3   64.613640    
5   36.661324    
5   34.673294    
4   79.402359    
3   91.710121    
1   26.074871    
4   80.782616    
2   68.242111    
4   109.15328    
4   37.951168    
4   27.117882    
1   59.569107    
1   26.308094    
5   88.299187    
4   53.642544    
1   68.478714    
3   16.684971    
3   48.973141    
1   48.576935    
3   75.905334    
4   63.866123    
2   91.593201    
2   78.610146    
2   10.934744    
1   62.095985    
4   32.068501    
1   17.063484    
1   82.376373    
2   15.060244    
3   55.716167    
3   54.648956    
1   38.594231    
4   79.563721    
3   78.116425    
2   15.747509    
5   64.239296    
1   95.619263    
1   47.755035    
3   67.617279    
4   77.933205    
3   13.558755    
1   107.33556    
1   45.131859    
3   70.761139    
1   65.286194    
5   45.692478    
4   107.42522    
2   35.152756    
2   91.304787    
5   34.458599    
4   79.485641    
3   36.362015    
3   21.657095    
1   21.367559    
3   10.607920    
1   69.935928    
2   18.250641    
4   47.530994    
4   22.363720    
5   12.963519    
1   59.424458    
4   103.40303    
2   45.965775    
4   59.995518    
4   77.190338    
4   85.677017    
1   33.057175    
1   66.260208    
3   71.661026    
2   32.480106    
2   75.301155    
1   84.410416    
1   14.763842    
3   22.494469    
5   58.418045    
3   101.40248    
1   69.354546    
4   59.658180    
1   54.163250    
3   87.194405    
1   54.279026    
5   56.774124    
2   54.592976    
4   30.534111    
1   47.251972    
5   106.48512    
2   17.033516    
1   62.633762    
1   61.770710    
1   94.157585    
2   52.389034    
2   81.354652    
3   97.188408    
4   93.659767    
4   48.906002    
5   70.560249    
2   63.950455    
3   50.169216    
2   18.308554    
2   57.237991    
2   20.496902    
1   90.201866    
3   76.882011    
4   34.375008    
4   36.366280    
2   18.100533    
3   33.286674    
4   59.134300    
1   36.611900    
3   52.519093    
1   106.34755    
1   89.585556    
5   27.115520    
3   16.380344    
2   39.246784    
3   92.583641    
4   82.644302    
2   90.208420    
3   14.534054    
1   25.331507    
4   16.173134    
3   102.91496    
1   30.456291    
1   79.969086    
4   59.463081    
2   81.157120    
2   30.064449    
2   53.609619    
3   96.118721    
5   54.451904    
1   62.377151    
1   85.317360    
3   92.289101    
2   33.207809    
3   53.061829    
2   108.73247    
5   95.053040    
4   41.160500    
1   109.75984    
3   56.807457    
5   79.077255    
4   64.153442    
3   25.921593    
5   92.133362    
1   14.107475    
2   21.001921    
1   61.877308    
1   66.148361    
4   61.690792    
4   83.717476    
4   12.279949    
1   77.099091    
2   16.629013    
1   102.11173    
1   48.011456    
3   26.731262    
1   79.112633    
4   81.369530    
1   68.980919    
5   102.96977    
2   60.596954    
4   101.92359    
3   82.383644    
3   59.081684    
1   107.61155    
3   37.325104    
3   79.855812    
3   19.743237    
3   71.073761    
3   59.512527    
3   68.888794    
2   25.121674    
3   83.136375    
1   15.161667    
3   42.064224    
1   34.514221    
1   48.296844    
3   69.716843    
3   103.52515    
4   61.314831    
3   75.012764    
4   50.753769    
3   57.978283    
4   63.419853    
2   70.553818    
2   80.336937    
3   103.82539    
2   51.349411    
3   88.300217    
5   78.149094    
4   62.741287    
2   24.368416    
5   35.142193    
3   10.481558    
5   37.535294    
4   37.892853    
5   60.681973    
1   51.647530    
4   53.649101    
1   86.617477    
1   54.126511    
2   39.706406    
4   43.850956    
2   15.560613    
3   58.528599    
1   21.447453    
5   96.460945    
3   46.739468    
4   26.220379    
1   15.772281    
1   56.810127    
2   98.370445    
2   51.224789    
3   40.832745    
1   91.441643    
5   101.94917    
5   87.004623    
1   67.244186    
1   90.326775    
3   96.162163    
2   96.949394    
3   48.917183    
4   62.567005    
5   52.003799    
3   84.914505    
4   43.808472    
1   84.312592    
4   97.916161    
1   81.011353    
4   45.937927    
1   26.102909    
2   19.642839    
4   66.261154    
4   97.819168    
4   73.520523    
5   97.841270    
3   21.307049    
2   48.261940    
4   22.173939    
1   24.330196    
3   80.858788    
2   49.096642    
5   72.876656    
4   100.86905    
2   95.921288    
4   52.887306    
1   59.863052    
3   55.073463    
3   84.075867    
5   40.012154    
1   21.001825    
1   107.24760    
2   33.841022    
5   93.347389    
1   22.948132    
1   43.911896    
3   54.026802    
3   53.287704    
2   48.231682    
3   52.947269    
1   77.019653    
5   79.806625    
2   94.927818    
4   89.338219    
2   10.960779    
3   73.905792    
3   74.489769    
4   47.736393    
2   48.950039    
2   79.358849    
1   39.152534    
3   95.436508    
2   24.414238    
3   10.558805    
5   48.195492    
3   44.445549    
2   39.099964    
4   22.439060    
3   14.869723    
3   47.681652    
1   85.585556    
3   11.153040    
4   66.091431    
2   51.556000    
2   61.459026    
4   94.204391    
2   56.500683    
2   15.004287    
1   30.244932    
3   93.152390    
2   93.954834    
2   28.119574    
2   103.41100    
3   46.904026    
3   72.783028    
5   50.578629    
1   54.484997    
3   84.831100    
4   23.102293    
1   76.530800    
4   68.128502    
3   108.20323    
1   102.14728    
1   106.77232    
3   37.879570    
4   69.045837    
4   93.469131    
3   83.044800    
3   44.952904    
3   76.414711    
2   96.918785    
2   101.79671    
2   105.17532    
1   51.600727    
4   106.25354    
2   62.618172    
3   91.810715    
5   76.289284    
2   104.14289    
3   22.603355    
2   98.672546    
1   26.295792    
4   70.240509    
3   93.867859    
4   49.155533    
4   76.734764    
1   10.004005    
4   72.875290    
3   67.434586    
1   45.139252    
4   47.083721    
3   67.642982    
1   84.446823    
2   54.262360    
1   19.180069    
5   109.24193    
3   13.300333    
4   58.721169    
3   99.572403    
2   78.859413    
1   58.172020    
2   104.71198    
2   105.32621    
3   22.708759    
5   95.715553    
1   10.700784    
4   15.039310    
5   74.137390    
3   23.709332    
1   92.462669    
3   75.588760    
3   62.645420    
1   100.30564    
4   37.758575    
2   49.149330    
4   34.300121    
1   82.830650    
3   30.121647    
4   12.255630    
1   28.797874    
2   87.965836    
4   76.636398    
3   45.117245    
1   39.209064    
1   32.369671    
4   50.476490    
4   67.936218    
2   53.724037    
4   93.428261    
4   94.906769    
2   36.466156    
1   63.353191    
1   109.87354    
4   22.222076    
1   52.510677    
4   31.356773    
2   13.307724    
5   20.604286    
2   58.204849    
4   35.752426    
1   38.246426    
2   30.812321    
5   86.406334    
3   67.585266    
2   100.78477    
1   21.410666    
4   79.816254    
1   84.796890    
1   99.496353    
3   44.589050    
2   31.504902    
2   11.778507    
5   88.546974    
2   82.998337    
4   97.779663    
1   44.342480    
5   46.219143    
2   18.065510    
3   87.639343    
4   59.329544    
4   74.273430    
2   45.231422    
2   38.154446    
5   72.615227    
4   25.754009    
4   35.195503    
3   95.460304    
2   70.844444    
1   47.366177    
1   36.186253    
1   30.281719    
4   17.095003    
3   106.32435    
2   29.751787    
4   18.132648    
4   25.256262    
1   90.912376    
5   14.552031    
1   92.972214    
1   90.116776    
2   49.921452    
3   75.520622    
1   108.63634    
4   51.357948    
1   20.804867    
5   96.711906    
4   93.436874    
2   81.693871    
3   32.253967    
2   10.157356    
3   50.976570    
5   12.246165    
3   47.650131    
4   89.387215    
3   43.180355    
3   75.387299    
3   35.911976    
1   108.70415    
1   74.232513    
3   47.693333    
1   54.910667    
1   68.579994    
3   58.360107    
4   18.159470    
2   20.080910    
2   94.166786    
5   92.792686    
5   91.327988    
4   93.979584    
3   74.209511    
4   91.575920    
3   29.363356    
2   103.06519    
3   47.844444    
3   32.775604    
5   108.58472    
1   55.848083    
4   37.901505    
2   83.993156    
1   40.393242    
1   91.318924    
2   81.776077    
2   88.507278    
4   67.705902    
3   89.859566    
1   72.779472    
2   57.185635    
3   62.961967    
2   95.792450    
1   49.914227    
2   94.643623    
1   55.687889    
4   39.249477    
5   109.99998    
5   84.161652    
2   89.658463    
1   70.073425    
3   35.169277    
1   67.562401    
3   84.770065    
3   108.96350    
4   65.477737    
1   20.701036    
3   34.630020    
3   43.436512    
4   16.936646    
4   97.626175    
2   24.540028    
4   76.189102    
2   68.502724    
3   59.411629    
3   102.48297    
3   35.638344    
1   72.071419    
2   12.416658    
1   71.072304    
2   66.843758    
4   47.397289    
2   47.627674    
1   68.311508    
2   21.080647    
2   78.516472    
3   97.187073    
3   107.45378    
1   57.534416    
1   109.21786    
3   79.870445    
1   57.498417    
1   54.510723    
5   53.951080    
4   109.71767    
3   22.428427    
4   29.025780    
3   75.627243    
5   55.761635    
1   23.918495    
2   107.29633    
3   95.220810    
1   102.56232    
5   56.666740    
2   56.025040    
2   96.613892    
1   48.476563    
4   91.422447    
4   82.158501    
4   41.398628    
1   78.804192    
5   26.576433    
1   27.630600    
1   29.805241    
4   77.445206    
3   42.340477    
3   42.082413    
1   97.043739    
2   24.777470    
3   104.19814    
4   76.092705    
1   27.034649    
1   26.541363    
1   46.119225    
3   106.38390    
2   12.386069    
1   98.617157    
4   101.32233    
3   27.257595    
3   91.441856    
5   68.306335    
3   57.175289    
4   43.231209    
1   61.296352    
2   92.816483    
5   10.477767    
2   55.456577    
4   94.353233    
2   83.391083    
4   52.296101    
4   50.587402    
3   62.556015    
1   50.368771    
4   36.478886    
2   28.496777    
4   72.067245    
3   42.731319    
1   28.435501    
3   63.318024    
1   102.57693    
2   13.118730    
1   66.506111    
5   24.025902    
2   40.911827    
2   26.286777    
2   47.958218    
3   70.231064    
1   43.510303    
1   64.402847    
3   38.787113    
2   53.932034    
3   42.557869    
1   107.26958    
1   41.837654    
5   44.926891    
1   108.54891    
1   14.188490    
5   88.528091    
1   20.146093    
2   53.751072    
2   38.259350    
3   98.230202    
4   77.046806    
3   85.783302    
5   95.337997    
4   33.394989    
5   36.128242    
2   39.950287    
4   109.18346    
4   52.860939    
3   56.380089    
1   28.188023    
4   60.335739    
5   99.803604    
2   72.914108    
5   64.404877    
4   15.480981    
1   107.52939    
4   96.987732    
1   61.843716    
2   106.96670    
1   32.857117    
3   99.650414    
3   18.477283    
4   87.108978    
4   15.193567    
4   17.163643    
5   36.991726    
3   78.731758    
4   104.46473    
4   101.17730    
1   91.533173    
2   58.187710    
5   80.318291    
2   26.843582    
5   31.006393    
3   47.277699    
2   90.670166    
2   75.891197    
2   62.213074    
3   70.687019    
3   12.176571    
4   47.731529    
3   106.96999    
4   89.328583    
4   55.322800    
2   34.422573    
4   31.381927    
3   50.704918    
2   44.314873    
2   78.840073    
5   87.818176    
5   12.165604    
5   15.375195    
2   26.355061    
4   11.157856    
3   102.14677    
1   64.501534    
1   65.651711    
2   58.142982    
2   50.867233    
3   104.10780    
4   68.963585    
1   38.276230    
2   84.579430    
3   65.430862    
2   21.716318    
1   45.430504    
4   36.573395    
1   51.444923    
3   62.966454    
1   56.994568    
2   19.885715    
3   23.281464    
1   53.829060    
2   109.38056    
5   44.993980    
2   90.162903    
5   40.121826    
3   65.192139    
1   60.654484    
3   82.964119    
1   31.706247    
1   48.521885    
2   36.436378    
1   95.650276    
2   99.336517    
4   106.41965    
2   38.408096    
3   81.889755    
3   58.648476    
2   95.847618    
2   12.040291    
5   105.95148    
3   109.78816    
2   68.766006    
4   50.822529    
1   64.543518    
1   67.469917    
5   78.133545    
1   66.386208    
4   39.287220    
2   107.79845    
5   68.370499    
2   62.157307    
1   90.773949    
4   69.476425    
1   30.040226    
1   38.078747    
1   89.305458    
4   88.920029    
1   26.000748    
2   86.143959    
3   49.179302    
4   43.269428    
3   88.020981    
5   105.43536    
4   87.703835    
4   94.194824    
3   86.839378    
2   68.525726    
2   90.159904    
3   79.077232    
4   65.091881    
2   68.698578    
3   99.863922    
2   35.991917    
3   10.003910    
3   19.184027    
3   77.904236    
3   84.526382    
3   108.19884    
2   88.276917    
1   18.681250    
1   102.67693    
1   88.135612    
2   38.659103    
4   39.585720    
3   100.99734    
5   99.178612    
2   85.240562    
4   56.810677    
3   30.875263    
3   99.777061    
4   105.87059    
5   101.84356    
1   36.289009    
2   87.145050    
4   87.571556    
3   51.867279    
3   74.709595    
4   92.949188    
2   88.022125    
1   21.999680    
4   109.18530    
1   52.493248    
4   73.354202    
5   53.035316    
5   89.855873    
2   34.679161    
4   14.160333    
2   19.400009    
4   14.349089    
5   92.423210    
4   61.197411    
4   109.82993    
2   31.160244    
2   20.890461    
2   19.687637    
1   48.708996    
4   99.920639    
5   91.706528    
2   91.744049    
4   55.852398    
2   69.270554    
3   76.751862    
5   83.909691    
1   72.546135    
1   99.609550    
4   42.832954    
2   55.145943    
4   35.882935    
1   80.384933    
3   79.096634    
1   97.964539    
1   31.673893    
4   88.562233    
5   81.546005    
4   29.522905    
1   12.045798    
4   86.082680    
1   52.019798    
2   77.685104    
4   15.049205    
3   73.369156    
3   20.952114    
4   11.751709    
2   63.817463    
1   74.035416    
2   12.780032    
2   42.990002    
3   47.576866    
3   86.885078    
1   86.272057    
1   28.459393    
3   93.848022    
2   46.834953    
4   88.671242    
2   91.529739    
4   99.789177    
4   51.281487    
1   65.444336    
3   45.096836    
4   107.19899    
2   24.084816    
2   90.156013    
4   50.101551    
4   70.237030    
1   85.513100    
3   107.86015    
2   82.988419    
1   97.887833    
2   77.758369    
1   38.785061    
5   12.216864    
3   104.45960    
4   66.810905    
1   13.037906    
3   74.164665    
1   16.826353    
2   67.430626    
2   31.003342    
1   85.695038    
1   37.534771    
4   47.420727    
2   45.443352    
5   72.228203    
4   44.659077    
1   61.600910    
3   79.641731    
4   90.766678    
3   83.613144    
1   42.784035    
1   54.063805    
4   103.30972    
3   66.705978    
3   108.77866    
4   21.117435    
3   54.448589    
3   64.498627    
3   24.849304    
4   62.545620    
2   68.779266    
1   100.89520    
4   60.796722    
2   56.320938    
1   79.328453    
1   79.275711    
1   35.072552    
5   84.342941    
