100000
94
2 1847.245474
1 1592.80715394
4 198.785760264
3 1616.63703248
3 76.0087424733
4 11.7893895092
4 437.993745842
3 346.896282338
3 740.266800025
4 16.8413020081
3 2.2560035461
3 254.854843588
5 175.560765697
2 79.0184869351
2 2.37133401276
1 65.3438091312
2 29.3536434329
3 14.2761498475
1 12.333998232
5 78.1242845557
4 91.3551625924
2 55.3856905666
2 21.2211550983
3 4.32274819995
2 24.7292996092
1 14.8666670537
4 31.8460588551
4 275.990089616
3 22.0944147784
4 183.398790934
1 50.0358591776
3 80.0619806466
2 41.3250367605
5 30.0095748226
3 25.764252245
3 8.7284998138
3 7.39553824953
5 56.792033986
5 31.0684752912
2 27.4827771574
3 52.5950509034
5 78.4857098015
4 97.1516215255
2 297.945183608
3 67.6132196107
3 191.761935199
3 50.4127812192
4 470.944328934
2 261.604249895
3 36.6600576241
2 422.500407953
2 52.7761494679
4 15.4779095811
3 60.1640797206
3 632.681977392
3 119.085993391
2 473.572891079
3 10.4931612491
2 909.949152358
4 4.20729426116
3 10.4603952602
2 12.527377459
2 552.081662831
4 145.601526413
4 384.931555464
2 38.0472646087
3 308.895004739
1 165.108072684
1 344.940885519
2 163.104434463
3 267.897827567
4 7.38798842718
4 85.1056428213
2 1948.0262503
3 53.2928533887
5 10.4088075205
3 58.6161327857
3 673.638001325
3 48.2145691391
3 434.418376373
2 118.302884005
3 176.54479775
1 26.8003120318
3 477.575594538
5 112.627773581
3 1682.38261882
4 75.2132304241
2 1069.25736151
4 22.9700514785
1 1420.62631128
2 157.389288687
5 1238.23992195
3 57.461352274
3 468.708663651
